StationID,PortNumber,PortType,Status,Year,Month,Day,Hour,Min,CarLicense
101,1,FAST,1,2025,6,30,14,30,24799602
101,2,MID,1,1792,6,30,14,32,-1
101,3,SLOW,2,2025,6,30,14,35,-1
101,4,MID,1,2025,6,30,14,37,27205295
205,1,FAST,2,0,0,0,0,0,-1
205,2,MID,2,0,0,0,0,0,-1
205,3,SLOW,2,0,0,0,0,0,-1
307,1,FAST,2,0,0,0,0,0,-1
307,2,FAST,2,0,0,0,0,0,-1
307,3,SLOW,3,0,0,0,0,0,-1
307,4,MID,2,0,0,0,0,0,-1
307,5,MID,2,0,0,0,0,0,-1
412,1,FAST,1,2025,6,30,10,0,11223344
518,1,MID,1,2025,6,30,11,15,55667788
518,2,SLOW,2,0,0,0,0,0,-1
518,3,MID,2,0,0,0,0,0,-1
518,4,FAST,1,2025,6,30,11,45,87654321
518,5,MID,2,0,0,0,0,0,-1
518,6,SLOW,2,0,0,0,0,0,-1
623,1,MID,1,2025,6,30,13,20,ŻŻŻŻŻŻŻŻŻŻŻŻŻŻŻŻŻŻŻŻŻŻŻŻŻŻŻŻŻŻŻŻŻŻŻŻŻŻŻŻŻŻŻŻ
623,2,FAST,2,0,0,0,0,0,-1
623,3,SLOW,3,0,0,0,0,0,-1
623,4,MID,2,0,0,0,0,0,-1
